{'Language': (0.13521431781495347, 0.4504472081590724), 
'Romance': (0.11519987783976958, 0.469708834086091), 
'Ghost Stories': (0.06553384592190567, 0.5018724343649718), 
'Myth': (0.1325316257816258, 0.5166533096533097), 
'Travel': (0.10617934246895513, 0.4786820417454225), 
'Science': (0.11216347322017434, 0.46257551059097446), 
'Non-fiction': (0.1120702574398227, 0.46619481565133764), 
'Health': (0.08582775356131762, 0.44166831438457754), 
'Poetry': (0.14351998779670153, 0.502368177297613), 
'Post-1930': (0.11311312460825945, 0.45482956664094404), 
'Creative Commons': (0.07243488576471772, 0.4545071711668351), 
'Pulp': (0.09340594642212945, 0.48238725477564787), 
'Gay/Lesbian': (0.09169077390314416, 0.5085261912251532), 
'Satire': (0.06505547270100805, 0.48828600605246425), 
'History': (0.12376206330824178, 0.4831106791297875), 
'Espionage': (0.04613396167496599, 0.48156304998790567), 
'Government Publication': (0.03556356257423876, 0.4164589621529126), 
'Reference': (0.06734794570508852, 0.440626619412334), 
'Pirate Tales': (0.06078668420734292, 0.4870917796441751), 
'Classic': (0.1566111434055685, 0.5045607721740126), 
'Horror': (0.015318121281306205, 0.49661509913222285), 
'Correspondence': (0.1374605178771846, 0.49383042976477326), 
'Etiquette': (0.1165097069518236, 0.5156304829955398), 
'Nautical': (0.09071676802033944, 0.4804170617742047), 
'Cooking': (0.09577719935518106, 0.4521685781089452), 
'Essays': (0.14194384326543769, 0.5112443000755695), 
'Music': (0.11912665169491114, 0.4777608606789495), 
'Short Story Collection': (0.06904065457432197, 0.47417269888581365), 
'Instructional': (0.11346164156943975, 0.45547429464860656), 
'Computers': (0.1309673068770104, 0.46601481701885983), 
'Psychology': (0.09190570686390756, 0.4953491245131374), 
'Harvard Classics': (0.1216600264465582, 0.4860554361522675), 
"Women's Studies": (0.059377286268042555, 0.4878017368563587), 
'Fiction and Literature': (0.1286818630639956, 0.5281086708134489), 
'Games': (0.0796603271884171, 0.4204691181165901), 
'Adventure': (0.20886580086580087, 0.46663203463203456), 
'Mystery/Detective': (0.05316497273134257, 0.4486631674054038), 
'Periodical': (0.11024879283535799, 0.5469135258401189), 
'Science Fiction': (0.07014042397388678, 0.4914172275274762), 
'Sexuality': (0.015151515151515148, 0.6045454545454545), 
'War': (0.09654681038235514, 0.4840326053524378), 
'Nature': (0.14030091567048095, 0.510809403961578), 
'Gothic': (0.11001668386288262, 0.4910374534255135), 
'Occult': (0.11857150240922174, 0.5160339611655401), 
'Philosophy': (0.14843517707621337, 0.455431369617225), 
'Short Story': (0.020492103382728374, 0.5121949462574464), 
'Religion': (0.16319841116980957, 0.4968610591386018), 
'Fantasy': (0.04174672800124063, 0.45517002752562324), 
'Criticism': (0.0954771177570474, 0.4648362523626608), 
'Humor': (0.15180851110067986, 0.5494792372955025), 
'Canadian Literature': (0.0836901306665917, 0.4822873798279641), 
'Thriller': (0.07727901135201555, 0.43458455099211396), 
'Western': (0.09229049310765151, 0.5248210700617533), 
'Politics': (0.10612313182848895, 0.46201299989692857)}